0103002934004
0103002932000
0085081625007
0200056065002
0100024230008
0085081550002
0300000708006
0101007869000
0101007871003
0101007870006
0200055979003
0101007865002
0103002928003
0101007867006
0100023966007
0085081354006
0200055902001
0085081325006
0103002918004
0031009447008
0101007852002
0100023957005
0100023952000
0040001521005
0200055809003
0085081219008
0085081119001
0103002916000
0103002915003
0103002913009
0300000705005
0085081081001
0085081080004
0200055696009
0085081065001
0085081079008
0200055699000
0085081071002
0085081045003
0085081017000
0085081003003
0103002911005
0085080990007
0085080982002
0085080615009
0200055538002
0085080868009
0101007813003
0085080865008
0103002907008
0085080848001
0085079407004
0085079481004
0101007248003
0101007648001
0101007721001
0101007722008
0101007758007
0200054415007
0200054625000
0085083784009
0085083785006
0085083857000
0085083900003
0085083980005
0085083982009
0085083990004
0085083991001
0085083995009
0085083997003
0085084000009
0085084001006
0085084095005
0085084096002
0085084097009
0085084118001
0085084215007
0085084234008
0085084253009
0085084517002
0085084518009
0085084519006
0100024728000
0101008056003
0101008083009
0101008087007
0103003006007
0103003016006
0200057872005
0200057922007
0200058021006
0200058028005
0200058030008
0200058033009
0200058034006
0200058036000
0200058037007
0200058039001
0200058107007
0200058138001
0200058140004
0200058173002
0200058174009
0200058179004
0200058203006
0200058251007
0200058316003
0200058317000
0200058321007
0200058372009
0200058422001
0200058429000
0200058438002
0200058439009
0200058440005
