0085081219008
0200055809003
0085079481004
0200054415007
0103002917007
0085079613009
0200053498001
0085081045003
0085079238004
0200055035006
0102000544000
0085078594002
0103002913009
0085078071008
0200053373001
0085079634004
0200054544004
0085080801006
0200055339005
0101007813003
0103002896005
0085081378002
0100023505008
0100023506005
0101007850008
0200055000000
0085080563003
0200054000000
0100023495002
0085081091000
0100023817002
0049001376004
0085080615009
0085081017000
0085078849003
0200053892007
0200055180003
0085080054006
0200054893003
0085078280004
0085079858004
0200054745005
0085081003003
0085080655005
0085080738005
0101007758007
0100023966007
0040001333004
0085081078001
0085081081001
0085080356001
0049001377001
0085079249000
0085080865008
0200056000000
0085079867006
0049001350004
0085079770009
0085080990007
0049001305004
0085079089002
0085080844003
0100023868004
0200056065002
0085081240002
0085080389009
0101007746004
0085079846001
0101007248003
0085079407004
0101007718001
0085080928000
0085079058008
0101007648001
0101007722008
